{
 "cells": [
  {
   "cell_type": "code",
   "execution_count": 15,
   "metadata": {},
   "outputs": [],
   "source": [
    "import pandas as pd \n",
    "import numpy as np\n",
    "import matplotlib.pyplot as plt\n",
    "import seaborn as sns"
   ]
  },
  {
   "cell_type": "code",
   "execution_count": 6,
   "metadata": {},
   "outputs": [],
   "source": [
    "df_2009 = pd.read_csv(\"hads2009RAW.csv\")\n",
    "df_2013 = pd.read_csv(\"hads2013RAW.csv\")"
   ]
  },
  {
   "cell_type": "code",
   "execution_count": 9,
   "metadata": {},
   "outputs": [
    {
     "data": {
      "text/html": [
       "<div>\n",
       "<style scoped>\n",
       "    .dataframe tbody tr th:only-of-type {\n",
       "        vertical-align: middle;\n",
       "    }\n",
       "\n",
       "    .dataframe tbody tr th {\n",
       "        vertical-align: top;\n",
       "    }\n",
       "\n",
       "    .dataframe thead th {\n",
       "        text-align: right;\n",
       "    }\n",
       "</style>\n",
       "<table border=\"1\" class=\"dataframe\">\n",
       "  <thead>\n",
       "    <tr style=\"text-align: right;\">\n",
       "      <th></th>\n",
       "      <th>CONTROL</th>\n",
       "      <th>AGE1</th>\n",
       "      <th>ASSISTED</th>\n",
       "      <th>BEDRMS</th>\n",
       "      <th>BUILT</th>\n",
       "      <th>METRO3</th>\n",
       "      <th>NUNITS</th>\n",
       "      <th>OTHERCOST</th>\n",
       "      <th>OWNRENT</th>\n",
       "      <th>PER</th>\n",
       "      <th>...</th>\n",
       "      <th>TOTSAL</th>\n",
       "      <th>TYPE</th>\n",
       "      <th>UTILITY</th>\n",
       "      <th>VACANCY</th>\n",
       "      <th>VALUE</th>\n",
       "      <th>WEIGHT</th>\n",
       "      <th>ZADEQ</th>\n",
       "      <th>ZINC2</th>\n",
       "      <th>ZSMHC</th>\n",
       "      <th>IPOV</th>\n",
       "    </tr>\n",
       "  </thead>\n",
       "  <tbody>\n",
       "    <tr>\n",
       "      <th>0</th>\n",
       "      <td>'100003130103'</td>\n",
       "      <td>87</td>\n",
       "      <td>-9</td>\n",
       "      <td>3</td>\n",
       "      <td>2006</td>\n",
       "      <td>'3'</td>\n",
       "      <td>1</td>\n",
       "      <td>310.000000</td>\n",
       "      <td>'1'</td>\n",
       "      <td>2</td>\n",
       "      <td>...</td>\n",
       "      <td>0</td>\n",
       "      <td>1</td>\n",
       "      <td>229.166667</td>\n",
       "      <td>-6</td>\n",
       "      <td>50000</td>\n",
       "      <td>2772.262855</td>\n",
       "      <td>'1'</td>\n",
       "      <td>65250</td>\n",
       "      <td>594</td>\n",
       "      <td>12956</td>\n",
       "    </tr>\n",
       "    <tr>\n",
       "      <th>1</th>\n",
       "      <td>'100003130203'</td>\n",
       "      <td>70</td>\n",
       "      <td>-9</td>\n",
       "      <td>3</td>\n",
       "      <td>2006</td>\n",
       "      <td>'3'</td>\n",
       "      <td>1</td>\n",
       "      <td>222.750000</td>\n",
       "      <td>'1'</td>\n",
       "      <td>1</td>\n",
       "      <td>...</td>\n",
       "      <td>0</td>\n",
       "      <td>1</td>\n",
       "      <td>355.416667</td>\n",
       "      <td>-6</td>\n",
       "      <td>238000</td>\n",
       "      <td>2876.223614</td>\n",
       "      <td>'1'</td>\n",
       "      <td>35400</td>\n",
       "      <td>684</td>\n",
       "      <td>10292</td>\n",
       "    </tr>\n",
       "    <tr>\n",
       "      <th>2</th>\n",
       "      <td>'100006370140'</td>\n",
       "      <td>48</td>\n",
       "      <td>-9</td>\n",
       "      <td>4</td>\n",
       "      <td>1985</td>\n",
       "      <td>'5'</td>\n",
       "      <td>1</td>\n",
       "      <td>79.166667</td>\n",
       "      <td>'1'</td>\n",
       "      <td>4</td>\n",
       "      <td>...</td>\n",
       "      <td>58932</td>\n",
       "      <td>1</td>\n",
       "      <td>199.000000</td>\n",
       "      <td>-6</td>\n",
       "      <td>200000</td>\n",
       "      <td>2706.242657</td>\n",
       "      <td>'1'</td>\n",
       "      <td>74932</td>\n",
       "      <td>1549</td>\n",
       "      <td>22159</td>\n",
       "    </tr>\n",
       "    <tr>\n",
       "      <th>3</th>\n",
       "      <td>'100006520140'</td>\n",
       "      <td>62</td>\n",
       "      <td>-9</td>\n",
       "      <td>3</td>\n",
       "      <td>1985</td>\n",
       "      <td>'5'</td>\n",
       "      <td>1</td>\n",
       "      <td>0.000000</td>\n",
       "      <td>'1'</td>\n",
       "      <td>2</td>\n",
       "      <td>...</td>\n",
       "      <td>0</td>\n",
       "      <td>1</td>\n",
       "      <td>173.000000</td>\n",
       "      <td>-6</td>\n",
       "      <td>175000</td>\n",
       "      <td>2426.802292</td>\n",
       "      <td>'1'</td>\n",
       "      <td>30950</td>\n",
       "      <td>817</td>\n",
       "      <td>14370</td>\n",
       "    </tr>\n",
       "    <tr>\n",
       "      <th>4</th>\n",
       "      <td>'100007130148'</td>\n",
       "      <td>30</td>\n",
       "      <td>0</td>\n",
       "      <td>2</td>\n",
       "      <td>1980</td>\n",
       "      <td>'1'</td>\n",
       "      <td>8</td>\n",
       "      <td>9.000000</td>\n",
       "      <td>'2'</td>\n",
       "      <td>2</td>\n",
       "      <td>...</td>\n",
       "      <td>15600</td>\n",
       "      <td>1</td>\n",
       "      <td>113.000000</td>\n",
       "      <td>-6</td>\n",
       "      <td>-6</td>\n",
       "      <td>3089.847859</td>\n",
       "      <td>'1'</td>\n",
       "      <td>15600</td>\n",
       "      <td>701</td>\n",
       "      <td>14774</td>\n",
       "    </tr>\n",
       "  </tbody>\n",
       "</table>\n",
       "<p>5 rows × 25 columns</p>\n",
       "</div>"
      ],
      "text/plain": [
       "          CONTROL  AGE1  ASSISTED  BEDRMS  BUILT METRO3  NUNITS   OTHERCOST  \\\n",
       "0  '100003130103'    87        -9       3   2006    '3'       1  310.000000   \n",
       "1  '100003130203'    70        -9       3   2006    '3'       1  222.750000   \n",
       "2  '100006370140'    48        -9       4   1985    '5'       1   79.166667   \n",
       "3  '100006520140'    62        -9       3   1985    '5'       1    0.000000   \n",
       "4  '100007130148'    30         0       2   1980    '1'       8    9.000000   \n",
       "\n",
       "  OWNRENT  PER  ...   TOTSAL  TYPE     UTILITY  VACANCY   VALUE       WEIGHT  \\\n",
       "0     '1'    2  ...        0     1  229.166667       -6   50000  2772.262855   \n",
       "1     '1'    1  ...        0     1  355.416667       -6  238000  2876.223614   \n",
       "2     '1'    4  ...    58932     1  199.000000       -6  200000  2706.242657   \n",
       "3     '1'    2  ...        0     1  173.000000       -6  175000  2426.802292   \n",
       "4     '2'    2  ...    15600     1  113.000000       -6      -6  3089.847859   \n",
       "\n",
       "   ZADEQ  ZINC2  ZSMHC   IPOV  \n",
       "0    '1'  65250    594  12956  \n",
       "1    '1'  35400    684  10292  \n",
       "2    '1'  74932   1549  22159  \n",
       "3    '1'  30950    817  14370  \n",
       "4    '1'  15600    701  14774  \n",
       "\n",
       "[5 rows x 25 columns]"
      ]
     },
     "execution_count": 9,
     "metadata": {},
     "output_type": "execute_result"
    }
   ],
   "source": [
    "df_2009.head()"
   ]
  },
  {
   "cell_type": "code",
   "execution_count": 13,
   "metadata": {},
   "outputs": [
    {
     "name": "stdout",
     "output_type": "stream",
     "text": [
      "(49090, 25)\n"
     ]
    },
    {
     "data": {
      "text/html": [
       "<div>\n",
       "<style scoped>\n",
       "    .dataframe tbody tr th:only-of-type {\n",
       "        vertical-align: middle;\n",
       "    }\n",
       "\n",
       "    .dataframe tbody tr th {\n",
       "        vertical-align: top;\n",
       "    }\n",
       "\n",
       "    .dataframe thead th {\n",
       "        text-align: right;\n",
       "    }\n",
       "</style>\n",
       "<table border=\"1\" class=\"dataframe\">\n",
       "  <thead>\n",
       "    <tr style=\"text-align: right;\">\n",
       "      <th></th>\n",
       "      <th>AGE1</th>\n",
       "      <th>ASSISTED</th>\n",
       "      <th>BEDRMS</th>\n",
       "      <th>BUILT</th>\n",
       "      <th>NUNITS</th>\n",
       "      <th>OTHERCOST</th>\n",
       "      <th>PER</th>\n",
       "      <th>ROOMS</th>\n",
       "      <th>STRUCTURETYPE</th>\n",
       "      <th>TOTSAL</th>\n",
       "      <th>TYPE</th>\n",
       "      <th>UTILITY</th>\n",
       "      <th>VACANCY</th>\n",
       "      <th>VALUE</th>\n",
       "      <th>WEIGHT</th>\n",
       "      <th>ZINC2</th>\n",
       "      <th>ZSMHC</th>\n",
       "      <th>IPOV</th>\n",
       "    </tr>\n",
       "  </thead>\n",
       "  <tbody>\n",
       "    <tr>\n",
       "      <th>count</th>\n",
       "      <td>49090.000000</td>\n",
       "      <td>49090.000000</td>\n",
       "      <td>49090.000000</td>\n",
       "      <td>49090.000000</td>\n",
       "      <td>49090.000000</td>\n",
       "      <td>49090.000000</td>\n",
       "      <td>49090.000000</td>\n",
       "      <td>49090.000000</td>\n",
       "      <td>49090.000000</td>\n",
       "      <td>49090.000000</td>\n",
       "      <td>49090.000000</td>\n",
       "      <td>49090.000000</td>\n",
       "      <td>49090.000000</td>\n",
       "      <td>4.909000e+04</td>\n",
       "      <td>49090.000000</td>\n",
       "      <td>49090.000000</td>\n",
       "      <td>49090.000000</td>\n",
       "      <td>49090.000000</td>\n",
       "    </tr>\n",
       "    <tr>\n",
       "      <th>mean</th>\n",
       "      <td>45.975494</td>\n",
       "      <td>-6.237217</td>\n",
       "      <td>2.731330</td>\n",
       "      <td>1966.605663</td>\n",
       "      <td>10.854655</td>\n",
       "      <td>65.146089</td>\n",
       "      <td>1.812508</td>\n",
       "      <td>5.659014</td>\n",
       "      <td>1.820208</td>\n",
       "      <td>45298.951212</td>\n",
       "      <td>1.070931</td>\n",
       "      <td>217.876475</td>\n",
       "      <td>-5.350581</td>\n",
       "      <td>1.580466e+05</td>\n",
       "      <td>2421.073136</td>\n",
       "      <td>60433.449277</td>\n",
       "      <td>1124.424384</td>\n",
       "      <td>14784.868649</td>\n",
       "    </tr>\n",
       "    <tr>\n",
       "      <th>std</th>\n",
       "      <td>23.334608</td>\n",
       "      <td>4.203958</td>\n",
       "      <td>1.074593</td>\n",
       "      <td>26.548263</td>\n",
       "      <td>44.166826</td>\n",
       "      <td>131.636006</td>\n",
       "      <td>2.720870</td>\n",
       "      <td>1.840352</td>\n",
       "      <td>1.442531</td>\n",
       "      <td>60711.763762</td>\n",
       "      <td>0.441280</td>\n",
       "      <td>145.428821</td>\n",
       "      <td>2.199443</td>\n",
       "      <td>2.502019e+05</td>\n",
       "      <td>1117.188639</td>\n",
       "      <td>67975.602097</td>\n",
       "      <td>1070.901344</td>\n",
       "      <td>6885.135524</td>\n",
       "    </tr>\n",
       "    <tr>\n",
       "      <th>min</th>\n",
       "      <td>-9.000000</td>\n",
       "      <td>-9.000000</td>\n",
       "      <td>0.000000</td>\n",
       "      <td>1919.000000</td>\n",
       "      <td>-7.000000</td>\n",
       "      <td>0.000000</td>\n",
       "      <td>-6.000000</td>\n",
       "      <td>1.000000</td>\n",
       "      <td>-9.000000</td>\n",
       "      <td>-9.000000</td>\n",
       "      <td>1.000000</td>\n",
       "      <td>0.000000</td>\n",
       "      <td>-6.000000</td>\n",
       "      <td>-6.000000e+00</td>\n",
       "      <td>0.000000</td>\n",
       "      <td>-26976.000000</td>\n",
       "      <td>-6.000000</td>\n",
       "      <td>-6.000000</td>\n",
       "    </tr>\n",
       "    <tr>\n",
       "      <th>25%</th>\n",
       "      <td>34.000000</td>\n",
       "      <td>-9.000000</td>\n",
       "      <td>2.000000</td>\n",
       "      <td>1950.000000</td>\n",
       "      <td>1.000000</td>\n",
       "      <td>0.000000</td>\n",
       "      <td>1.000000</td>\n",
       "      <td>4.000000</td>\n",
       "      <td>1.000000</td>\n",
       "      <td>0.000000</td>\n",
       "      <td>1.000000</td>\n",
       "      <td>116.500000</td>\n",
       "      <td>-6.000000</td>\n",
       "      <td>-6.000000e+00</td>\n",
       "      <td>1791.244489</td>\n",
       "      <td>17999.000000</td>\n",
       "      <td>451.000000</td>\n",
       "      <td>11165.000000</td>\n",
       "    </tr>\n",
       "    <tr>\n",
       "      <th>50%</th>\n",
       "      <td>48.000000</td>\n",
       "      <td>-9.000000</td>\n",
       "      <td>3.000000</td>\n",
       "      <td>1970.000000</td>\n",
       "      <td>1.000000</td>\n",
       "      <td>37.500000</td>\n",
       "      <td>2.000000</td>\n",
       "      <td>6.000000</td>\n",
       "      <td>1.000000</td>\n",
       "      <td>27196.000000</td>\n",
       "      <td>1.000000</td>\n",
       "      <td>200.666667</td>\n",
       "      <td>-6.000000</td>\n",
       "      <td>9.000000e+04</td>\n",
       "      <td>2509.802762</td>\n",
       "      <td>42000.000000</td>\n",
       "      <td>868.000000</td>\n",
       "      <td>14370.000000</td>\n",
       "    </tr>\n",
       "    <tr>\n",
       "      <th>75%</th>\n",
       "      <td>61.000000</td>\n",
       "      <td>0.000000</td>\n",
       "      <td>3.000000</td>\n",
       "      <td>1990.000000</td>\n",
       "      <td>2.000000</td>\n",
       "      <td>75.000000</td>\n",
       "      <td>3.000000</td>\n",
       "      <td>7.000000</td>\n",
       "      <td>2.000000</td>\n",
       "      <td>68000.000000</td>\n",
       "      <td>1.000000</td>\n",
       "      <td>292.000000</td>\n",
       "      <td>-6.000000</td>\n",
       "      <td>2.200000e+05</td>\n",
       "      <td>2959.307998</td>\n",
       "      <td>80700.000000</td>\n",
       "      <td>1470.000000</td>\n",
       "      <td>17292.000000</td>\n",
       "    </tr>\n",
       "    <tr>\n",
       "      <th>max</th>\n",
       "      <td>93.000000</td>\n",
       "      <td>1.000000</td>\n",
       "      <td>10.000000</td>\n",
       "      <td>2009.000000</td>\n",
       "      <td>981.000000</td>\n",
       "      <td>5297.333333</td>\n",
       "      <td>14.000000</td>\n",
       "      <td>21.000000</td>\n",
       "      <td>6.000000</td>\n",
       "      <td>685928.000000</td>\n",
       "      <td>9.000000</td>\n",
       "      <td>1263.000000</td>\n",
       "      <td>5.000000</td>\n",
       "      <td>2.465647e+06</td>\n",
       "      <td>42391.251192</td>\n",
       "      <td>852840.000000</td>\n",
       "      <td>13803.000000</td>\n",
       "      <td>47759.000000</td>\n",
       "    </tr>\n",
       "  </tbody>\n",
       "</table>\n",
       "</div>"
      ],
      "text/plain": [
       "               AGE1      ASSISTED        BEDRMS         BUILT        NUNITS  \\\n",
       "count  49090.000000  49090.000000  49090.000000  49090.000000  49090.000000   \n",
       "mean      45.975494     -6.237217      2.731330   1966.605663     10.854655   \n",
       "std       23.334608      4.203958      1.074593     26.548263     44.166826   \n",
       "min       -9.000000     -9.000000      0.000000   1919.000000     -7.000000   \n",
       "25%       34.000000     -9.000000      2.000000   1950.000000      1.000000   \n",
       "50%       48.000000     -9.000000      3.000000   1970.000000      1.000000   \n",
       "75%       61.000000      0.000000      3.000000   1990.000000      2.000000   \n",
       "max       93.000000      1.000000     10.000000   2009.000000    981.000000   \n",
       "\n",
       "          OTHERCOST           PER         ROOMS  STRUCTURETYPE         TOTSAL  \\\n",
       "count  49090.000000  49090.000000  49090.000000   49090.000000   49090.000000   \n",
       "mean      65.146089      1.812508      5.659014       1.820208   45298.951212   \n",
       "std      131.636006      2.720870      1.840352       1.442531   60711.763762   \n",
       "min        0.000000     -6.000000      1.000000      -9.000000      -9.000000   \n",
       "25%        0.000000      1.000000      4.000000       1.000000       0.000000   \n",
       "50%       37.500000      2.000000      6.000000       1.000000   27196.000000   \n",
       "75%       75.000000      3.000000      7.000000       2.000000   68000.000000   \n",
       "max     5297.333333     14.000000     21.000000       6.000000  685928.000000   \n",
       "\n",
       "               TYPE       UTILITY       VACANCY         VALUE        WEIGHT  \\\n",
       "count  49090.000000  49090.000000  49090.000000  4.909000e+04  49090.000000   \n",
       "mean       1.070931    217.876475     -5.350581  1.580466e+05   2421.073136   \n",
       "std        0.441280    145.428821      2.199443  2.502019e+05   1117.188639   \n",
       "min        1.000000      0.000000     -6.000000 -6.000000e+00      0.000000   \n",
       "25%        1.000000    116.500000     -6.000000 -6.000000e+00   1791.244489   \n",
       "50%        1.000000    200.666667     -6.000000  9.000000e+04   2509.802762   \n",
       "75%        1.000000    292.000000     -6.000000  2.200000e+05   2959.307998   \n",
       "max        9.000000   1263.000000      5.000000  2.465647e+06  42391.251192   \n",
       "\n",
       "               ZINC2         ZSMHC          IPOV  \n",
       "count   49090.000000  49090.000000  49090.000000  \n",
       "mean    60433.449277   1124.424384  14784.868649  \n",
       "std     67975.602097   1070.901344   6885.135524  \n",
       "min    -26976.000000     -6.000000     -6.000000  \n",
       "25%     17999.000000    451.000000  11165.000000  \n",
       "50%     42000.000000    868.000000  14370.000000  \n",
       "75%     80700.000000   1470.000000  17292.000000  \n",
       "max    852840.000000  13803.000000  47759.000000  "
      ]
     },
     "execution_count": 13,
     "metadata": {},
     "output_type": "execute_result"
    }
   ],
   "source": [
    "print(df_2009.shape)\n",
    "df_2009.describe()"
   ]
  },
  {
   "cell_type": "code",
   "execution_count": 16,
   "metadata": {},
   "outputs": [
    {
     "data": {
      "text/html": [
       "<div>\n",
       "<style scoped>\n",
       "    .dataframe tbody tr th:only-of-type {\n",
       "        vertical-align: middle;\n",
       "    }\n",
       "\n",
       "    .dataframe tbody tr th {\n",
       "        vertical-align: top;\n",
       "    }\n",
       "\n",
       "    .dataframe thead th {\n",
       "        text-align: right;\n",
       "    }\n",
       "</style>\n",
       "<table border=\"1\" class=\"dataframe\">\n",
       "  <thead>\n",
       "    <tr style=\"text-align: right;\">\n",
       "      <th></th>\n",
       "      <th>AGE1</th>\n",
       "      <th>ASSISTED</th>\n",
       "      <th>BEDRMS</th>\n",
       "      <th>BUILT</th>\n",
       "      <th>NUNITS</th>\n",
       "      <th>OTHERCOST</th>\n",
       "      <th>PER</th>\n",
       "      <th>ROOMS</th>\n",
       "      <th>STRUCTURETYPE</th>\n",
       "      <th>TOTSAL</th>\n",
       "      <th>TYPE</th>\n",
       "      <th>UTILITY</th>\n",
       "      <th>VACANCY</th>\n",
       "      <th>VALUE</th>\n",
       "      <th>WEIGHT</th>\n",
       "      <th>ZINC2</th>\n",
       "      <th>ZSMHC</th>\n",
       "      <th>IPOV</th>\n",
       "    </tr>\n",
       "  </thead>\n",
       "  <tbody>\n",
       "    <tr>\n",
       "      <th>AGE1</th>\n",
       "      <td>1.000000</td>\n",
       "      <td>-0.040759</td>\n",
       "      <td>0.113922</td>\n",
       "      <td>-0.041086</td>\n",
       "      <td>-0.015662</td>\n",
       "      <td>0.112570</td>\n",
       "      <td>0.491999</td>\n",
       "      <td>0.140514</td>\n",
       "      <td>-0.107222</td>\n",
       "      <td>-0.015150</td>\n",
       "      <td>0.007069</td>\n",
       "      <td>0.166712</td>\n",
       "      <td>-0.695649</td>\n",
       "      <td>0.151783</td>\n",
       "      <td>0.017802</td>\n",
       "      <td>0.123502</td>\n",
       "      <td>0.131322</td>\n",
       "      <td>0.261483</td>\n",
       "    </tr>\n",
       "    <tr>\n",
       "      <th>ASSISTED</th>\n",
       "      <td>-0.040759</td>\n",
       "      <td>1.000000</td>\n",
       "      <td>-0.428053</td>\n",
       "      <td>-0.095161</td>\n",
       "      <td>0.192787</td>\n",
       "      <td>-0.292295</td>\n",
       "      <td>0.123686</td>\n",
       "      <td>-0.445404</td>\n",
       "      <td>0.337605</td>\n",
       "      <td>-0.155892</td>\n",
       "      <td>-0.009685</td>\n",
       "      <td>-0.363311</td>\n",
       "      <td>-0.194048</td>\n",
       "      <td>-0.415153</td>\n",
       "      <td>-0.021353</td>\n",
       "      <td>-0.212160</td>\n",
       "      <td>-0.138453</td>\n",
       "      <td>0.072524</td>\n",
       "    </tr>\n",
       "    <tr>\n",
       "      <th>BEDRMS</th>\n",
       "      <td>0.113922</td>\n",
       "      <td>-0.428053</td>\n",
       "      <td>1.000000</td>\n",
       "      <td>0.119860</td>\n",
       "      <td>-0.279922</td>\n",
       "      <td>0.154554</td>\n",
       "      <td>0.318511</td>\n",
       "      <td>0.863781</td>\n",
       "      <td>-0.458683</td>\n",
       "      <td>0.299408</td>\n",
       "      <td>-0.052389</td>\n",
       "      <td>0.523906</td>\n",
       "      <td>-0.121872</td>\n",
       "      <td>0.399078</td>\n",
       "      <td>0.070322</td>\n",
       "      <td>0.347977</td>\n",
       "      <td>0.349299</td>\n",
       "      <td>0.373088</td>\n",
       "    </tr>\n",
       "    <tr>\n",
       "      <th>BUILT</th>\n",
       "      <td>-0.041086</td>\n",
       "      <td>-0.095161</td>\n",
       "      <td>0.119860</td>\n",
       "      <td>1.000000</td>\n",
       "      <td>0.039967</td>\n",
       "      <td>0.121942</td>\n",
       "      <td>0.023240</td>\n",
       "      <td>0.111247</td>\n",
       "      <td>0.108909</td>\n",
       "      <td>0.112526</td>\n",
       "      <td>0.072227</td>\n",
       "      <td>-0.024303</td>\n",
       "      <td>0.008492</td>\n",
       "      <td>0.091338</td>\n",
       "      <td>0.025492</td>\n",
       "      <td>0.119058</td>\n",
       "      <td>0.127203</td>\n",
       "      <td>0.036875</td>\n",
       "    </tr>\n",
       "    <tr>\n",
       "      <th>NUNITS</th>\n",
       "      <td>-0.015662</td>\n",
       "      <td>0.192787</td>\n",
       "      <td>-0.279922</td>\n",
       "      <td>0.039967</td>\n",
       "      <td>1.000000</td>\n",
       "      <td>0.036484</td>\n",
       "      <td>-0.119314</td>\n",
       "      <td>-0.257757</td>\n",
       "      <td>0.438815</td>\n",
       "      <td>-0.071021</td>\n",
       "      <td>-0.015894</td>\n",
       "      <td>-0.231874</td>\n",
       "      <td>0.060434</td>\n",
       "      <td>-0.093617</td>\n",
       "      <td>-0.092113</td>\n",
       "      <td>-0.072662</td>\n",
       "      <td>-0.046875</td>\n",
       "      <td>-0.130103</td>\n",
       "    </tr>\n",
       "    <tr>\n",
       "      <th>OTHERCOST</th>\n",
       "      <td>0.112570</td>\n",
       "      <td>-0.292295</td>\n",
       "      <td>0.154554</td>\n",
       "      <td>0.121942</td>\n",
       "      <td>0.036484</td>\n",
       "      <td>1.000000</td>\n",
       "      <td>0.054953</td>\n",
       "      <td>0.188080</td>\n",
       "      <td>-0.039087</td>\n",
       "      <td>0.160862</td>\n",
       "      <td>0.011620</td>\n",
       "      <td>0.136421</td>\n",
       "      <td>-0.046929</td>\n",
       "      <td>0.386971</td>\n",
       "      <td>-0.003496</td>\n",
       "      <td>0.230950</td>\n",
       "      <td>0.324626</td>\n",
       "      <td>0.038541</td>\n",
       "    </tr>\n",
       "    <tr>\n",
       "      <th>PER</th>\n",
       "      <td>0.491999</td>\n",
       "      <td>0.123686</td>\n",
       "      <td>0.318511</td>\n",
       "      <td>0.023240</td>\n",
       "      <td>-0.119314</td>\n",
       "      <td>0.054953</td>\n",
       "      <td>1.000000</td>\n",
       "      <td>0.292639</td>\n",
       "      <td>-0.185891</td>\n",
       "      <td>0.327854</td>\n",
       "      <td>-0.013270</td>\n",
       "      <td>0.334604</td>\n",
       "      <td>-0.847821</td>\n",
       "      <td>0.142991</td>\n",
       "      <td>0.173704</td>\n",
       "      <td>0.343701</td>\n",
       "      <td>0.394362</td>\n",
       "      <td>0.940896</td>\n",
       "    </tr>\n",
       "    <tr>\n",
       "      <th>ROOMS</th>\n",
       "      <td>0.140514</td>\n",
       "      <td>-0.445404</td>\n",
       "      <td>0.863781</td>\n",
       "      <td>0.111247</td>\n",
       "      <td>-0.257757</td>\n",
       "      <td>0.188080</td>\n",
       "      <td>0.292639</td>\n",
       "      <td>1.000000</td>\n",
       "      <td>-0.466342</td>\n",
       "      <td>0.346629</td>\n",
       "      <td>-0.072862</td>\n",
       "      <td>0.552631</td>\n",
       "      <td>-0.126766</td>\n",
       "      <td>0.461956</td>\n",
       "      <td>0.042547</td>\n",
       "      <td>0.417185</td>\n",
       "      <td>0.397496</td>\n",
       "      <td>0.332002</td>\n",
       "    </tr>\n",
       "    <tr>\n",
       "      <th>STRUCTURETYPE</th>\n",
       "      <td>-0.107222</td>\n",
       "      <td>0.337605</td>\n",
       "      <td>-0.458683</td>\n",
       "      <td>0.108909</td>\n",
       "      <td>0.438815</td>\n",
       "      <td>-0.039087</td>\n",
       "      <td>-0.185891</td>\n",
       "      <td>-0.466342</td>\n",
       "      <td>1.000000</td>\n",
       "      <td>-0.189817</td>\n",
       "      <td>0.355094</td>\n",
       "      <td>-0.395509</td>\n",
       "      <td>0.102363</td>\n",
       "      <td>-0.275765</td>\n",
       "      <td>0.013224</td>\n",
       "      <td>-0.220412</td>\n",
       "      <td>-0.214629</td>\n",
       "      <td>-0.193832</td>\n",
       "    </tr>\n",
       "    <tr>\n",
       "      <th>TOTSAL</th>\n",
       "      <td>-0.015150</td>\n",
       "      <td>-0.155892</td>\n",
       "      <td>0.299408</td>\n",
       "      <td>0.112526</td>\n",
       "      <td>-0.071021</td>\n",
       "      <td>0.160862</td>\n",
       "      <td>0.327854</td>\n",
       "      <td>0.346629</td>\n",
       "      <td>-0.189817</td>\n",
       "      <td>1.000000</td>\n",
       "      <td>-0.059008</td>\n",
       "      <td>0.301551</td>\n",
       "      <td>-0.220355</td>\n",
       "      <td>0.327343</td>\n",
       "      <td>0.039216</td>\n",
       "      <td>0.853176</td>\n",
       "      <td>0.482820</td>\n",
       "      <td>0.355149</td>\n",
       "    </tr>\n",
       "    <tr>\n",
       "      <th>TYPE</th>\n",
       "      <td>0.007069</td>\n",
       "      <td>-0.009685</td>\n",
       "      <td>-0.052389</td>\n",
       "      <td>0.072227</td>\n",
       "      <td>-0.015894</td>\n",
       "      <td>0.011620</td>\n",
       "      <td>-0.013270</td>\n",
       "      <td>-0.072862</td>\n",
       "      <td>0.355094</td>\n",
       "      <td>-0.059008</td>\n",
       "      <td>1.000000</td>\n",
       "      <td>-0.054696</td>\n",
       "      <td>0.002219</td>\n",
       "      <td>-0.072516</td>\n",
       "      <td>0.085816</td>\n",
       "      <td>-0.061076</td>\n",
       "      <td>-0.082768</td>\n",
       "      <td>-0.017881</td>\n",
       "    </tr>\n",
       "    <tr>\n",
       "      <th>UTILITY</th>\n",
       "      <td>0.166712</td>\n",
       "      <td>-0.363311</td>\n",
       "      <td>0.523906</td>\n",
       "      <td>-0.024303</td>\n",
       "      <td>-0.231874</td>\n",
       "      <td>0.136421</td>\n",
       "      <td>0.334604</td>\n",
       "      <td>0.552631</td>\n",
       "      <td>-0.395509</td>\n",
       "      <td>0.301551</td>\n",
       "      <td>-0.054696</td>\n",
       "      <td>1.000000</td>\n",
       "      <td>-0.206791</td>\n",
       "      <td>0.368005</td>\n",
       "      <td>0.009390</td>\n",
       "      <td>0.362654</td>\n",
       "      <td>0.435211</td>\n",
       "      <td>0.360985</td>\n",
       "    </tr>\n",
       "    <tr>\n",
       "      <th>VACANCY</th>\n",
       "      <td>-0.695649</td>\n",
       "      <td>-0.194048</td>\n",
       "      <td>-0.121872</td>\n",
       "      <td>0.008492</td>\n",
       "      <td>0.060434</td>\n",
       "      <td>-0.046929</td>\n",
       "      <td>-0.847821</td>\n",
       "      <td>-0.126766</td>\n",
       "      <td>0.102363</td>\n",
       "      <td>-0.220355</td>\n",
       "      <td>0.002219</td>\n",
       "      <td>-0.206791</td>\n",
       "      <td>1.000000</td>\n",
       "      <td>-0.079972</td>\n",
       "      <td>-0.170504</td>\n",
       "      <td>-0.262536</td>\n",
       "      <td>-0.311683</td>\n",
       "      <td>-0.634311</td>\n",
       "    </tr>\n",
       "    <tr>\n",
       "      <th>VALUE</th>\n",
       "      <td>0.151783</td>\n",
       "      <td>-0.415153</td>\n",
       "      <td>0.399078</td>\n",
       "      <td>0.091338</td>\n",
       "      <td>-0.093617</td>\n",
       "      <td>0.386971</td>\n",
       "      <td>0.142991</td>\n",
       "      <td>0.461956</td>\n",
       "      <td>-0.275765</td>\n",
       "      <td>0.327343</td>\n",
       "      <td>-0.072516</td>\n",
       "      <td>0.368005</td>\n",
       "      <td>-0.079972</td>\n",
       "      <td>1.000000</td>\n",
       "      <td>0.000744</td>\n",
       "      <td>0.439054</td>\n",
       "      <td>0.549775</td>\n",
       "      <td>0.142921</td>\n",
       "    </tr>\n",
       "    <tr>\n",
       "      <th>WEIGHT</th>\n",
       "      <td>0.017802</td>\n",
       "      <td>-0.021353</td>\n",
       "      <td>0.070322</td>\n",
       "      <td>0.025492</td>\n",
       "      <td>-0.092113</td>\n",
       "      <td>-0.003496</td>\n",
       "      <td>0.173704</td>\n",
       "      <td>0.042547</td>\n",
       "      <td>0.013224</td>\n",
       "      <td>0.039216</td>\n",
       "      <td>0.085816</td>\n",
       "      <td>0.009390</td>\n",
       "      <td>-0.170504</td>\n",
       "      <td>0.000744</td>\n",
       "      <td>1.000000</td>\n",
       "      <td>0.025906</td>\n",
       "      <td>0.003090</td>\n",
       "      <td>0.144760</td>\n",
       "    </tr>\n",
       "    <tr>\n",
       "      <th>ZINC2</th>\n",
       "      <td>0.123502</td>\n",
       "      <td>-0.212160</td>\n",
       "      <td>0.347977</td>\n",
       "      <td>0.119058</td>\n",
       "      <td>-0.072662</td>\n",
       "      <td>0.230950</td>\n",
       "      <td>0.343701</td>\n",
       "      <td>0.417185</td>\n",
       "      <td>-0.220412</td>\n",
       "      <td>0.853176</td>\n",
       "      <td>-0.061076</td>\n",
       "      <td>0.362654</td>\n",
       "      <td>-0.262536</td>\n",
       "      <td>0.439054</td>\n",
       "      <td>0.025906</td>\n",
       "      <td>1.000000</td>\n",
       "      <td>0.525760</td>\n",
       "      <td>0.341901</td>\n",
       "    </tr>\n",
       "    <tr>\n",
       "      <th>ZSMHC</th>\n",
       "      <td>0.131322</td>\n",
       "      <td>-0.138453</td>\n",
       "      <td>0.349299</td>\n",
       "      <td>0.127203</td>\n",
       "      <td>-0.046875</td>\n",
       "      <td>0.324626</td>\n",
       "      <td>0.394362</td>\n",
       "      <td>0.397496</td>\n",
       "      <td>-0.214629</td>\n",
       "      <td>0.482820</td>\n",
       "      <td>-0.082768</td>\n",
       "      <td>0.435211</td>\n",
       "      <td>-0.311683</td>\n",
       "      <td>0.549775</td>\n",
       "      <td>0.003090</td>\n",
       "      <td>0.525760</td>\n",
       "      <td>1.000000</td>\n",
       "      <td>0.389222</td>\n",
       "    </tr>\n",
       "    <tr>\n",
       "      <th>IPOV</th>\n",
       "      <td>0.261483</td>\n",
       "      <td>0.072524</td>\n",
       "      <td>0.373088</td>\n",
       "      <td>0.036875</td>\n",
       "      <td>-0.130103</td>\n",
       "      <td>0.038541</td>\n",
       "      <td>0.940896</td>\n",
       "      <td>0.332002</td>\n",
       "      <td>-0.193832</td>\n",
       "      <td>0.355149</td>\n",
       "      <td>-0.017881</td>\n",
       "      <td>0.360985</td>\n",
       "      <td>-0.634311</td>\n",
       "      <td>0.142921</td>\n",
       "      <td>0.144760</td>\n",
       "      <td>0.341901</td>\n",
       "      <td>0.389222</td>\n",
       "      <td>1.000000</td>\n",
       "    </tr>\n",
       "  </tbody>\n",
       "</table>\n",
       "</div>"
      ],
      "text/plain": [
       "                   AGE1  ASSISTED    BEDRMS     BUILT    NUNITS  OTHERCOST  \\\n",
       "AGE1           1.000000 -0.040759  0.113922 -0.041086 -0.015662   0.112570   \n",
       "ASSISTED      -0.040759  1.000000 -0.428053 -0.095161  0.192787  -0.292295   \n",
       "BEDRMS         0.113922 -0.428053  1.000000  0.119860 -0.279922   0.154554   \n",
       "BUILT         -0.041086 -0.095161  0.119860  1.000000  0.039967   0.121942   \n",
       "NUNITS        -0.015662  0.192787 -0.279922  0.039967  1.000000   0.036484   \n",
       "OTHERCOST      0.112570 -0.292295  0.154554  0.121942  0.036484   1.000000   \n",
       "PER            0.491999  0.123686  0.318511  0.023240 -0.119314   0.054953   \n",
       "ROOMS          0.140514 -0.445404  0.863781  0.111247 -0.257757   0.188080   \n",
       "STRUCTURETYPE -0.107222  0.337605 -0.458683  0.108909  0.438815  -0.039087   \n",
       "TOTSAL        -0.015150 -0.155892  0.299408  0.112526 -0.071021   0.160862   \n",
       "TYPE           0.007069 -0.009685 -0.052389  0.072227 -0.015894   0.011620   \n",
       "UTILITY        0.166712 -0.363311  0.523906 -0.024303 -0.231874   0.136421   \n",
       "VACANCY       -0.695649 -0.194048 -0.121872  0.008492  0.060434  -0.046929   \n",
       "VALUE          0.151783 -0.415153  0.399078  0.091338 -0.093617   0.386971   \n",
       "WEIGHT         0.017802 -0.021353  0.070322  0.025492 -0.092113  -0.003496   \n",
       "ZINC2          0.123502 -0.212160  0.347977  0.119058 -0.072662   0.230950   \n",
       "ZSMHC          0.131322 -0.138453  0.349299  0.127203 -0.046875   0.324626   \n",
       "IPOV           0.261483  0.072524  0.373088  0.036875 -0.130103   0.038541   \n",
       "\n",
       "                    PER     ROOMS  STRUCTURETYPE    TOTSAL      TYPE  \\\n",
       "AGE1           0.491999  0.140514      -0.107222 -0.015150  0.007069   \n",
       "ASSISTED       0.123686 -0.445404       0.337605 -0.155892 -0.009685   \n",
       "BEDRMS         0.318511  0.863781      -0.458683  0.299408 -0.052389   \n",
       "BUILT          0.023240  0.111247       0.108909  0.112526  0.072227   \n",
       "NUNITS        -0.119314 -0.257757       0.438815 -0.071021 -0.015894   \n",
       "OTHERCOST      0.054953  0.188080      -0.039087  0.160862  0.011620   \n",
       "PER            1.000000  0.292639      -0.185891  0.327854 -0.013270   \n",
       "ROOMS          0.292639  1.000000      -0.466342  0.346629 -0.072862   \n",
       "STRUCTURETYPE -0.185891 -0.466342       1.000000 -0.189817  0.355094   \n",
       "TOTSAL         0.327854  0.346629      -0.189817  1.000000 -0.059008   \n",
       "TYPE          -0.013270 -0.072862       0.355094 -0.059008  1.000000   \n",
       "UTILITY        0.334604  0.552631      -0.395509  0.301551 -0.054696   \n",
       "VACANCY       -0.847821 -0.126766       0.102363 -0.220355  0.002219   \n",
       "VALUE          0.142991  0.461956      -0.275765  0.327343 -0.072516   \n",
       "WEIGHT         0.173704  0.042547       0.013224  0.039216  0.085816   \n",
       "ZINC2          0.343701  0.417185      -0.220412  0.853176 -0.061076   \n",
       "ZSMHC          0.394362  0.397496      -0.214629  0.482820 -0.082768   \n",
       "IPOV           0.940896  0.332002      -0.193832  0.355149 -0.017881   \n",
       "\n",
       "                UTILITY   VACANCY     VALUE    WEIGHT     ZINC2     ZSMHC  \\\n",
       "AGE1           0.166712 -0.695649  0.151783  0.017802  0.123502  0.131322   \n",
       "ASSISTED      -0.363311 -0.194048 -0.415153 -0.021353 -0.212160 -0.138453   \n",
       "BEDRMS         0.523906 -0.121872  0.399078  0.070322  0.347977  0.349299   \n",
       "BUILT         -0.024303  0.008492  0.091338  0.025492  0.119058  0.127203   \n",
       "NUNITS        -0.231874  0.060434 -0.093617 -0.092113 -0.072662 -0.046875   \n",
       "OTHERCOST      0.136421 -0.046929  0.386971 -0.003496  0.230950  0.324626   \n",
       "PER            0.334604 -0.847821  0.142991  0.173704  0.343701  0.394362   \n",
       "ROOMS          0.552631 -0.126766  0.461956  0.042547  0.417185  0.397496   \n",
       "STRUCTURETYPE -0.395509  0.102363 -0.275765  0.013224 -0.220412 -0.214629   \n",
       "TOTSAL         0.301551 -0.220355  0.327343  0.039216  0.853176  0.482820   \n",
       "TYPE          -0.054696  0.002219 -0.072516  0.085816 -0.061076 -0.082768   \n",
       "UTILITY        1.000000 -0.206791  0.368005  0.009390  0.362654  0.435211   \n",
       "VACANCY       -0.206791  1.000000 -0.079972 -0.170504 -0.262536 -0.311683   \n",
       "VALUE          0.368005 -0.079972  1.000000  0.000744  0.439054  0.549775   \n",
       "WEIGHT         0.009390 -0.170504  0.000744  1.000000  0.025906  0.003090   \n",
       "ZINC2          0.362654 -0.262536  0.439054  0.025906  1.000000  0.525760   \n",
       "ZSMHC          0.435211 -0.311683  0.549775  0.003090  0.525760  1.000000   \n",
       "IPOV           0.360985 -0.634311  0.142921  0.144760  0.341901  0.389222   \n",
       "\n",
       "                   IPOV  \n",
       "AGE1           0.261483  \n",
       "ASSISTED       0.072524  \n",
       "BEDRMS         0.373088  \n",
       "BUILT          0.036875  \n",
       "NUNITS        -0.130103  \n",
       "OTHERCOST      0.038541  \n",
       "PER            0.940896  \n",
       "ROOMS          0.332002  \n",
       "STRUCTURETYPE -0.193832  \n",
       "TOTSAL         0.355149  \n",
       "TYPE          -0.017881  \n",
       "UTILITY        0.360985  \n",
       "VACANCY       -0.634311  \n",
       "VALUE          0.142921  \n",
       "WEIGHT         0.144760  \n",
       "ZINC2          0.341901  \n",
       "ZSMHC          0.389222  \n",
       "IPOV           1.000000  "
      ]
     },
     "execution_count": 16,
     "metadata": {},
     "output_type": "execute_result"
    }
   ],
   "source": [
    "df_2009.corr()"
   ]
  }
 ],
 "metadata": {
  "kernelspec": {
   "display_name": "Python 3",
   "language": "python",
   "name": "python3"
  },
  "language_info": {
   "codemirror_mode": {
    "name": "ipython",
    "version": 3
   },
   "file_extension": ".py",
   "mimetype": "text/x-python",
   "name": "python",
   "nbconvert_exporter": "python",
   "pygments_lexer": "ipython3",
   "version": "3.6.4"
  }
 },
 "nbformat": 4,
 "nbformat_minor": 2
}
